Synteny Block in Transformed Sequence	Start Vertex in Transformed Graph	End Vertex in Transformed Graph	Start Pos in Transformed Sequence	End Pos in Transformed Sequence	Include Left Vertex	Include Right Vertex	Is Short Version	Start Pos in Original Sequence	End Pos in Original Sequence	Similarity of Transformed Block and Original Block	Length in Original Sequence
2(2)25.0	18181986	-471227606	2091	27128	1	0	0	91	25085	0.97	24994
3(9)10.3	-471227606	-471227606	27128	37465	1	0	0	25085	35020	0.85	9935
3(9)10.3	-471227606	-471227606	37465	47802	1	0	0	35020	44302	0.79	9282
3(9)10.3	-471227606	-471227606	47802	58139	1	0	0	44302	53797	0.85	9495
3(9)10.3	-471227606	-471227606	58139	68476	1	0	0	53797	62923	0.79	9126
3(9)6.7	-471227606	3648497	68476	75166	1	1	1	62923	68031	0.7	5108
4(2)51.3	3648497	146485474	75166	126500	0	0	0	68031	103135	0.58	35104
5(3)5.3	146485474	-634845999	126500	131833	1	1	0	103135	108464	0.96	5329
6(2)62.3	-634845999	-914652936	131833	194181	0	0	0	108464	168750	0.92	60286
7(4)5.1	-914652936	-786271484	194181	199314	1	1	0	168750	173856	0.84	5106
8(2)4.7	-786271484	700478038	199314	204036	0	1	0	173856	178255	0.92	4399
65(1)7.7	700478038	-645583025	204036	211694	0	0	0	178255	185913	1.0	7658
12(2)29.6	-645583025	600217268	211694	241250	1	0	0	185913	215393	0.9	29480
13(3)6.7	600217268	782591275	241250	247976	1	1	0	215393	221640	0.76	6247
14(2)19.8	782591275	-14941312	247976	267730	0	0	0	221640	241388	1.0	19748
15(4)6.1	-14941312	404394863	267730	273863	1	1	0	241388	247188	0.84	5800
16(2)24.6	404394863	-605513538	273863	298444	0	1	0	247188	271626	0.96	24438
44(3)3.8	-63961896	797705605	298553	302310	1	1	0	271735	275403	0.84	3668
67(1)39.4	797705605	161018880	302310	341667	0	0	0	275403	314756	0.99	39353
68(2)2.0	161018880	-731712457	341667	343697	1	1	0	314756	316786	0.99	2030
69(1)23.7	-731712457	-99815801	343697	367390	0	0	0	316786	340478	1.0	23692
18(2)69.5	-99815801	349973929	367390	436928	1	1	0	340478	408938	0.93	68460
70(1)3.1	349973929	61324176	436928	440046	0	0	0	408938	412056	1.0	3118
52(4)4.1	61324176	145920511	440046	444170	1	1	1	412056	415347	0.75	3291
71(1)10.8	145920511	581050822	444170	454962	0	0	0	415347	426139	1.0	10792
23(2)4.6	581050822	73447500	454962	459553	1	0	0	426139	430728	0.98	4589
24(3)6.1	73447500	-864940091	459553	465667	1	1	0	430728	436299	0.7	5571
72(1)3.9	216548733	471745901	467190	471043	0	0	0	437819	441672	1.0	3853
55(2)2.8	471745901	35579277	471043	473881	1	1	0	441672	444503	0.97	2831
32(3)5.0	-327776130	-940222757	473702	478689	1	1	0	444324	449288	0.8	4964
33(2)39.8	-940222757	965674070	478689	518447	0	1	0	449288	487837	0.86	38549
74(1)30.1	965674070	434571413	518447	548553	0	0	0	487837	517925	1.0	30088
7(4)3.0	434571413	-786271484	548553	551557	1	1	1	517925	520528	0.66	2603
37(5)29.4	212228533	186809406	552465	581846	1	1	0	521435	550219	0.92	28784
39(2)23.0	186809406	170694658	581846	604881	0	0	0	550219	573160	0.96	22941
40(4)8.7	170694658	556159496	604881	613554	1	1	0	573160	581430	0.82	8270
41(2)51.8	556159496	-296165225	613554	665342	0	0	0	581430	632966	0.91	51536
29(3)3.1	-296165225	718297174	665342	668399	1	1	0	632966	636013	0.95	3047
42(2)32.2	718297174	170694658	668399	700627	0	0	0	636013	667868	0.83	31855
40(4)8.7	170694658	556159496	700627	709300	1	1	0	667868	676091	0.84	8223
43(2)105.1	556159496	-63961896	709300	814370	0	0	0	676091	780528	0.87	104437
44(3)3.8	-63961896	797705605	814370	818127	1	1	0	780528	784274	0.93	3746
45(2)18.1	797705605	879089793	818127	836251	0	0	0	784274	802377	0.99	18103
37(5)7.5	879089793	186809406	836251	843743	1	1	1	802377	809682	0.88	7305
46(2)14.9	186809406	912126369	843743	858604	0	0	0	809682	824195	0.88	14513
47(7)28.6	912126369	912126369	858604	887193	1	0	0	824195	848382	0.72	24187
47(7)28.6	912126369	912126369	887193	915782	1	0	0	848382	873041	0.75	24659
47(7)28.6	912126369	912126369	915782	944371	1	0	0	873041	897278	0.74	24237
47(7)28.6	912126369	912126369	944371	972960	1	0	0	897278	921363	0.74	24085
47(7)28.6	912126369	912126369	972960	1001549	1	0	0	921363	946213	0.77	24850
47(7)12.7	912126369	-300377681	1001549	1014234	1	1	1	946213	958540	0.82	12327
48(2)23.0	-300377681	-14941312	1014234	1037201	0	0	0	958540	981244	0.95	22704
15(4)6.1	-14941312	404394863	1037201	1043334	1	1	0	981244	987254	0.76	6010
75(1)14.6	701290336	73447500	1043947	1058504	0	0	0	987866	1002423	1.0	14557
24(3)6.1	73447500	-864940091	1058504	1064618	1	1	0	1002423	1008537	1.0	6114
77(2)3.6	747342182	981076126	1063384	1066948	1	1	0	1007303	1009857	0.71	2554
78(1)31.7	981076126	27601360	1066948	1098641	0	0	0	1009857	1041548	1.0	31691
51(2)39.5	27601360	678801689	1098641	1138167	1	0	0	1041548	1080516	0.91	38968
52(4)36.9	678801689	59174659	1138167	1175069	1	1	0	1080516	1115343	0.85	34827
79(2)5.2	59174659	631177767	1175069	1180254	0	1	0	1115343	1120502	0.96	5159
80(1)4.0	631177767	-7090366	1180254	1184228	0	0	0	1120502	1124476	1.0	3974
81(1)9.3	-529301818	-327776130	1191291	1200638	0	0	0	1126379	1135724	0.99	9345
32(3)5.0	-327776130	-940222757	1200638	1205625	1	1	0	1135724	1140675	0.8	4951
52(4)11.0	868972576	59174659	1205565	1216607	1	1	1	1140615	1151616	0.78	11001
79(2)5.2	59174659	631177767	1216607	1221792	0	1	0	1151616	1156785	0.9	5169
83(1)17.2	631177767	122631797	1221792	1239016	0	0	0	1156785	1174001	0.99	17216
27(2)5.2	122631797	-208750775	1239016	1244222	1	1	0	1174001	1179207	0.97	5206
68(2)2.0	161018880	-731712457	1243935	1245965	1	1	0	1178920	1180948	0.94	2028
58(2)6.4	-473635049	-563975759	1243971	1250409	1	1	0	1178956	1185364	0.83	6408
86(1)14.2	-563975759	725331981	1250409	1264588	0	0	0	1185364	1199543	1.0	14179
87(2)2.6	725331981	82948850	1264588	1267162	1	1	0	1199543	1202117	0.99	2574
88(1)6.5	82948850	-518379148	1267162	1273659	0	0	0	1202117	1208614	1.0	6497
60(2)5.3	-518379148	802140779	1273659	1278984	1	1	0	1208614	1213935	0.98	5321
89(1)3.7	802140779	146485474	1278984	1282710	0	0	0	1213935	1217661	1.0	3726
5(3)5.3	146485474	-634845999	1282710	1288043	1	1	0	1217661	1222987	0.98	5326
90(1)39.8	-634845999	747342182	1288043	1327824	0	0	0	1222987	1262767	1.0	39780
77(2)3.6	747342182	981076126	1327824	1331388	1	1	0	1262767	1266311	0.91	3544
91(1)41.5	981076126	725331981	1331388	1372915	0	0	0	1266311	1307696	0.99	41385
87(2)2.6	725331981	82948850	1372915	1375489	1	1	0	1307696	1310241	0.9	2545
92(1)13.8	82948850	-379854455	1375489	1389296	0	0	0	1310241	1324048	1.0	13807
62(2)82.2	-379854455	-548578248	1389296	1471458	1	1	0	1324048	1401808	0.78	77760
93(1)15.9	-548578248	296593871	1471458	1487355	0	1	0	1401808	1415705	1.0	13897
